function g=sfun_B(~)
g=[         0         0;
          0         0;
          0         0;
          0         0;
          0         0;
          0         0;
    22.2222         0;
          0   11.1111];
end